[
    -1,
    29,
    0,
    22,
    1,
    -1,
    2,
    3,
    4,
    11,
    1,
    5,
    2,
    -1,
    6,
    -1,
    7,
    2,
    1,
    8,
    29,
    1,
    0,
    13,
    9,
    4,
    35,
    10,
    21,
    1,
    1,
    11,
    18,
    2,
    1,
    8,
    -1,
    1,
    1,
    12,
    14,
    7,
    17,
    13,
    14,
    12,
    27,
    11,
    -1,
    15,
    2,
    2,
    2,
    2,
    2,
    3,
    12,
    14,
    2,
    16,
    7,
    23,
    17,
    12,
    2,
    13,
    13,
    37,
    3,
    10,
    -1,
    8,
    10,
    -1,
    19,
    8,
    26,
    12,
    1,
    2,
    11,
    17,
    2,
    1,
    23,
    18,
    13,
    9,
    1,
    0,
    10,
    -1,
    2,
    11,
    19,
    23,
    -1,
    -1,
    3,
    1,
    13,
    1,
    13,
    -1,
    2,
    37,
    4,
    13,
    3,
    0,
    7,
    1,
    9,
    19,
    7,
    1,
    20,
    18,
    13,
    17,
    1,
    2,
    15,
    1,
    1,
    28,
    20,
    21,
    7,
    7,
    19,
    8,
    21,
    -1,
    17,
    2,
    13,
    7,
    -1,
    12,
    15,
    12,
    15,
    -1,
    -1,
    22,
    -1,
    23,
    1,
    13,
    1,
    1,
    34,
    10,
    2,
    1,
    24,
    32,
    9,
    18,
    14,
    2,
    10,
    10,
    -1,
    26,
    1,
    10,
    7,
    21,
    20,
    2,
    -1,
    10,
    20,
    1,
    21,
    9,
    -1,
    30,
    2,
    -1,
    1,
    15,
    1,
    -1,
    1,
    39,
    8,
    1,
    12,
    1,
    13,
    7,
    9,
    2,
    25,
    1,
    23,
    23,
    26,
    12,
    19,
    27,
    -1,
    19,
    10,
    -1,
    16,
    28,
    1,
    36,
    29,
    2,
    30,
    19,
    20,
    -1,
    2,
    16,
    16,
    1,
    18,
    27,
    21,
    21,
    12,
    32,
    2,
    -1,
    10,
    2,
    7,
    2,
    -1,
    2,
    2,
    2,
    10,
    15,
    1,
    26,
    1,
    15,
    12,
    3,
    14,
    2,
    12,
    1,
    20,
    15,
    1,
    1,
    10,
    2,
    28,
    10,
    23,
    12,
    12,
    1,
    -1,
    1,
    2,
    12,
    14,
    13,
    13,
    12,
    12,
    13,
    7,
    21,
    1,
    13,
    13,
    13,
    1,
    13,
    13,
    13,
    18,
    0,
    12,
    3,
    0,
    2,
    1,
    0,
    15,
    1,
    1,
    12,
    13,
    7,
    13,
    20,
    2,
    2,
    14,
    14,
    2,
    21,
    17,
    12,
    15,
    6,
    13,
    8,
    -1,
    0,
    1,
    1,
    24,
    1,
    -1,
    3,
    1,
    23,
    1,
    2,
    2,
    28,
    1,
    23,
    15,
    12,
    1,
    1,
    30,
    11,
    17,
    7,
    10,
    37,
    1,
    7,
    20,
    1,
    14,
    1,
    2,
    2,
    1,
    28,
    13,
    1,
    -1,
    1,
    1,
    1,
    31,
    1,
    2,
    23,
    13,
    6,
    -1,
    12,
    10,
    12,
    12,
    20,
    15,
    1,
    36,
    -1,
    17,
    -1,
    36,
    2,
    15,
    -1,
    29,
    5,
    23,
    28,
    1,
    1,
    0,
    15,
    2,
    1,
    8,
    -1,
    15,
    32,
    2,
    1,
    3,
    -1,
    21,
    13,
    8,
    -1,
    23,
    15,
    1,
    7,
    1,
    15,
    16,
    13,
    23,
    4,
    0,
    1,
    4,
    1,
    13,
    10,
    10,
    -1,
    7,
    -1,
    1,
    1,
    13,
    7,
    17,
    16,
    1,
    19,
    1,
    34,
    19,
    7,
    1,
    13,
    12,
    13,
    1,
    14,
    35,
    10,
    12,
    16,
    21,
    19,
    2,
    0,
    1,
    13,
    2,
    10,
    24,
    12,
    29,
    10,
    25,
    27,
    1,
    28,
    2,
    8,
    17,
    34,
    1,
    10,
    7,
    33,
    0,
    21,
    0,
    2,
    12,
    23,
    2,
    2,
    34,
    12,
    12,
    1,
    17,
    34,
    2,
    -1,
    1,
    3,
    1,
    1,
    0,
    -1,
    35,
    -1,
    19,
    -1,
    1,
    20,
    13,
    -1,
    1,
    20,
    2,
    2,
    20,
    20,
    2,
    -1,
    17,
    7,
    2,
    15,
    -1,
    2,
    1,
    1,
    23,
    11,
    36,
    2,
    2,
    2,
    15,
    13,
    22,
    36,
    2,
    1,
    1,
    1,
    1,
    13,
    -1,
    2,
    23,
    2,
    15,
    2,
    12,
    1,
    2,
    2,
    10,
    1,
    23,
    24,
    1,
    1,
    24,
    23,
    7,
    13,
    1,
    24,
    2,
    2,
    2,
    10,
    -1,
    39,
    37,
    1,
    1,
    10,
    0,
    21,
    1,
    7,
    0,
    3,
    23,
    18,
    10,
    9,
    24,
    1,
    21,
    -1,
    20,
    21,
    2,
    9,
    9,
    28,
    17,
    2,
    2,
    28,
    31,
    15,
    2,
    18,
    7,
    32,
    14,
    32,
    28,
    7,
    12,
    15,
    12,
    1,
    0,
    2,
    15,
    32,
    2,
    2,
    2,
    14,
    30,
    15,
    2,
    29,
    12,
    29,
    2,
    7,
    10,
    15,
    2,
    3,
    10,
    1,
    35,
    19,
    7,
    2,
    9,
    2,
    26,
    9,
    1,
    23,
    1,
    3,
    4,
    1,
    2,
    10,
    8,
    2,
    26,
    22,
    29,
    -1,
    -1,
    1,
    1,
    1,
    -1,
    21,
    2,
    -1,
    28,
    20,
    -1,
    15,
    36,
    31,
    28,
    10,
    2,
    2,
    5,
    9,
    -1,
    26,
    29,
    7,
    2,
    10,
    9,
    17,
    -1,
    2,
    7,
    -1,
    13,
    1,
    34,
    34,
    13,
    30,
    1,
    27,
    13,
    2,
    13,
    1,
    9,
    6,
    34,
    1,
    35,
    24,
    1,
    2,
    23,
    23,
    -1,
    12,
    12,
    15,
    21,
    1,
    13,
    13,
    14,
    21,
    26,
    15,
    1,
    8,
    7,
    1,
    1,
    6,
    1,
    1,
    6,
    1,
    1,
    34,
    1,
    2,
    15,
    1,
    13,
    33,
    7,
    12,
    12,
    2,
    12,
    12,
    2,
    14,
    15,
    12,
    2,
    -1,
    15,
    18,
    29,
    12,
    15,
    15,
    17,
    2,
    2,
    7,
    15,
    1,
    2,
    -1,
    35,
    -1,
    2,
    17,
    2,
    12,
    1,
    3,
    1,
    14,
    12,
    1,
    13,
    -1,
    13,
    12,
    13,
    15,
    12,
    33,
    2,
    30,
    7,
    12,
    37,
    2,
    15,
    18,
    29,
    18,
    4,
    12,
    2,
    12,
    10,
    8,
    0,
    12,
    0,
    15,
    26,
    12,
    -1,
    15,
    10,
    0,
    12,
    14,
    3,
    1,
    2,
    1,
    17,
    7,
    1,
    17,
    1,
    24,
    12,
    1,
    4,
    13,
    1,
    1,
    14,
    2,
    4,
    21,
    10,
    -1,
    2,
    17,
    9,
    36,
    2,
    10,
    23,
    13,
    12,
    19,
    13,
    1,
    1,
    13,
    20,
    -1,
    2,
    29,
    7,
    13,
    28,
    2,
    28,
    1,
    -1,
    37,
    1,
    7,
    12,
    1,
    1,
    -1,
    3,
    2,
    14,
    1,
    7,
    13,
    2,
    1,
    -1,
    1,
    7,
    2,
    18,
    10,
    37,
    29,
    -1,
    10,
    5,
    1,
    4,
    34,
    15,
    22,
    12,
    12,
    -1,
    2,
    12,
    12,
    1,
    8,
    4,
    7,
    28,
    5,
    7,
    2,
    4,
    17,
    21,
    27,
    -1,
    3,
    23,
    12,
    23,
    2,
    1,
    16,
    23,
    35,
    1,
    1,
    1,
    28,
    10,
    27,
    9,
    1,
    1,
    12,
    2,
    2,
    31,
    1,
    0,
    1,
    24,
    20,
    17,
    1,
    1,
    24,
    18,
    7,
    1,
    2,
    1,
    15,
    13,
    7,
    1,
    26,
    1,
    1,
    -1,
    1,
    -1,
    2,
    2,
    13,
    13,
    26,
    2,
    -1,
    2,
    2,
    2,
    35,
    2,
    13,
    11,
    2,
    1,
    1,
    27,
    14,
    13,
    19,
    -1,
    23,
    30,
    23,
    0,
    2,
    13,
    8,
    19,
    1,
    13,
    -1,
    26,
    28,
    -1,
    11,
    8,
    21,
    31,
    1,
    8,
    24,
    1,
    8,
    1,
    12,
    1,
    0,
    13,
    4,
    19,
    26,
    14,
    7,
    28,
    1,
    10,
    10,
    20,
    17,
    19,
    2,
    8,
    10,
    13,
    1,
    23,
    2,
    24,
    1,
    -1,
    38,
    38,
    7,
    -1,
    14,
    7,
    1,
    33,
    0,
    16,
    1,
    1,
    2,
    17,
    12,
    9,
    10,
    14,
    2,
    -1,
    29,
    2,
    14,
    34,
    7,
    25,
    -1,
    2,
    31,
    1,
    2,
    4,
    31,
    2,
    -1,
    30,
    16,
    2,
    9,
    2,
    21,
    19,
    2,
    17,
    18,
    7,
    21,
    2,
    2,
    -1,
    4,
    21,
    29,
    1,
    8,
    19,
    27,
    1,
    -1,
    23,
    12,
    -1,
    13,
    31,
    7,
    2,
    1,
    8,
    10,
    10,
    23,
    30,
    10,
    16,
    18,
    28,
    13,
    2,
    28,
    1,
    10,
    -1,
    32,
    18,
    17,
    15,
    10,
    1,
    19,
    9,
    2,
    2,
    1,
    13,
    12,
    10,
    23,
    2,
    10,
    10,
    17,
    4,
    29,
    12,
    32,
    17,
    19,
    1,
    -1,
    0,
    18,
    1,
    2,
    38,
    21,
    1,
    19,
    13,
    12,
    19,
    1,
    18,
    0,
    32,
    6,
    11,
    33,
    35,
    -1,
    2,
    0,
    23,
    23,
    39,
    -1,
    12,
    16,
    17,
    13,
    34,
    15,
    2,
    2,
    35,
    15,
    21,
    0,
    28,
    1,
    2,
    9,
    21,
    4,
    -1,
    20,
    2,
    1,
    12,
    22,
    13,
    7,
    13,
    13,
    3,
    39,
    17,
    7,
    1,
    2,
    12,
    1,
    12,
    10,
    29,
    1,
    15,
    1,
    18,
    -1,
    8,
    1,
    28,
    1,
    2,
    13,
    12,
    -1,
    10,
    -1,
    1,
    24,
    0,
    19,
    1,
    15,
    19,
    1,
    12,
    24,
    14,
    9,
    27,
    3,
    -1,
    31,
    2,
    25,
    1,
    1,
    17,
    -1,
    1,
    1,
    1,
    1,
    -1,
    2,
    -1,
    7,
    13,
    1,
    10,
    2,
    1,
    19,
    -1,
    10,
    2,
    23,
    -1,
    -1,
    7,
    12,
    2,
    -1,
    1,
    21,
    38,
    2,
    14,
    3,
    17,
    7,
    21,
    12,
    15,
    -1,
    17,
    1,
    12,
    16,
    36,
    10,
    12,
    5,
    12,
    2,
    1,
    25,
    1,
    15,
    1,
    1,
    29,
    18,
    29,
    1,
    7,
    2,
    16,
    -1,
    6,
    35,
    7,
    39,
    -1,
    18,
    16,
    23,
    1,
    12,
    28,
    19,
    1,
    12,
    2,
    2,
    10,
    18,
    12,
    12,
    -1,
    2,
    2,
    18,
    -1,
    1,
    1,
    2,
    4,
    12,
    8,
    1,
    17,
    1,
    -1,
    13,
    -1,
    1,
    1,
    2,
    13,
    13,
    19,
    36,
    8,
    13,
    7,
    27,
    4,
    2,
    7,
    0,
    3,
    34,
    2,
    -1,
    2,
    12,
    13,
    21,
    33,
    14,
    -1,
    12,
    1,
    -1,
    23,
    1,
    1,
    35,
    1,
    8,
    23,
    4,
    34,
    18,
    1,
    28,
    28,
    28,
    21,
    2,
    2,
    2,
    37,
    23,
    1,
    15,
    13,
    2,
    7,
    12,
    14,
    32,
    12,
    7,
    33,
    19,
    34,
    -1,
    13,
    -1,
    2,
    14,
    13,
    2,
    1,
    7,
    12,
    1,
    1,
    2,
    18,
    12,
    -1,
    33,
    31,
    10,
    29,
    3,
    15,
    0,
    -1,
    15,
    2,
    1,
    28,
    10,
    9,
    2,
    2,
    23,
    17,
    35,
    28,
    1,
    34,
    34,
    28,
    1,
    2,
    13,
    14,
    10,
    22,
    2,
    2,
    -1,
    25,
    20,
    1,
    13,
    -1,
    1,
    39,
    1,
    1,
    14,
    7,
    19,
    1,
    1,
    7,
    12,
    28,
    10,
    1,
    2,
    1,
    -1,
    13,
    21,
    1,
    7,
    6,
    28,
    23,
    18,
    1,
    2,
    6,
    1,
    1,
    -1,
    1,
    1,
    2,
    4,
    2,
    1,
    1,
    13,
    10,
    22,
    23,
    23,
    8,
    12,
    1,
    24,
    1,
    10,
    18,
    28,
    2,
    28,
    28,
    35,
    30,
    1,
    -1,
    2,
    23,
    9,
    7,
    12,
    10,
    10,
    8,
    -1,
    12,
    15,
    15,
    2,
    0,
    1,
    1,
    -1,
    34,
    -1,
    12,
    2,
    12,
    1,
    2,
    1,
    18,
    15,
    1,
    1,
    1,
    4,
    1,
    1,
    25,
    1,
    -1,
    4,
    2,
    12,
    1,
    10,
    10,
    19,
    10,
    2,
    11,
    3,
    1,
    -1,
    1,
    34,
    2,
    7,
    13,
    12,
    1,
    14,
    12,
    -1,
    1,
    2,
    15,
    16,
    -1,
    15,
    27,
    30,
    29,
    19,
    1,
    1,
    2,
    2,
    13,
    12,
    9,
    7,
    5,
    -1,
    1,
    0,
    23,
    1,
    1,
    7,
    31,
    14,
    1,
    11,
    2,
    1,
    1,
    1,
    8,
    1,
    21,
    2,
    1,
    -1,
    2,
    1,
    -1,
    1,
    13,
    2,
    7,
    1,
    1,
    7,
    19,
    8,
    8,
    12,
    15,
    16,
    1,
    30,
    15,
    26,
    12,
    25,
    12,
    2,
    34,
    34,
    11,
    7,
    13,
    1,
    -1,
    2,
    2,
    7,
    30,
    -1,
    17,
    2,
    2,
    17,
    1,
    -1,
    1,
    18,
    12,
    5,
    14,
    15,
    15,
    -1,
    7,
    2,
    36,
    12,
    4,
    2,
    23,
    4,
    2,
    13,
    13,
    15,
    0,
    1,
    19,
    2,
    20,
    1,
    1,
    10,
    13,
    1,
    -1,
    1,
    12,
    -1,
    -1,
    1,
    0,
    0,
    23,
    1,
    12
]